Webots Project File version R2025a
perspectives: 000000ff00000000fd0000000300000000000001ca0000039ffc0200000001fb00000012005300630065006e0065005400720065006501000000000000039f0000000000000000000000010000023a00000383fc0200000001fb0000001400540065007800740045006400690074006f00720000000019000003830000004000ffffff0000000300000780000000d9fc0100000002fb0000000e0043006f006e0073006f006c006501000001d0000005b00000000000000000fb0000001a0043006f006e0073006f006c00650041006c006c0041006c006c0100000000000007800000006900ffffff00000780000002e400000004000000040000000100000008fc00000000
simulationViewPerspectives: 000000ff00000001000000020000016c000003d60100000002010000000101
sceneTreePerspectives: 000000ff000000010000000300000022000000c0000000fa0100000002010000000201
minimizedPerspectives: 000000ff00000000fd0000000300000000000001ca0000039ffc0200000001fb00000012005300630065006e0065005400720065006501000000000000039f0000000000000000000000010000023a00000383fc0200000001fb0000001400540065007800740045006400690074006f00720000000019000003830000004000ffffff0000000300000780000000c2fc0100000002fb0000000e0043006f006e0073006f006c006501000001d0000005b00000000000000000fb0000001a0043006f006e0073006f006c00650041006c006c0041006c006c0100000000000007800000006900ffffff00000780000002fb00000004000000040000000100000008fc00000000
maximizedDockId: -1
centralWidgetVisible: 1
orthographicViewHeight: 1
textFiles: -1
consoles: Console:All:All
renderingDevicePerspectives: ugv_rover:camera;1;0.181195;0.838267;0.723684
renderingDevicePerspectives: ugv_rover:map_camera;1;0.5;0;0
